1020180000130
1020180000147
1020180000202
1020180000385
1020180000414
1020180000415
1020180000425
1020180000532
1020180000717
1020180000797
1020180000898
1020180001518
1020180001705
1020180001785
1020180002099
1020180002133
1020180002465
1020180002672
1020180002722
1020180003173
1020180003767
1020180003774
1020180003824
1020180003856
1020180004025
1020180004517
1020180004569
1020180004608
1020180004921
1020180004968
1020180005032
1020180005167
1020180005247
1020180005408
1020180005426
1020180006037
1020180006236
1020180006273
1020180006669
1020180007034
1020180007078
1020180007149
1020180007191
1020180007291
1020180007333
1020180007481
1020180007542
1020180007632
1020180007786
1020180007787
1020180007792
1020180007801
1020180007835
1020180008216
1020180008257
1020180008349
1020180008398
1020180008508
1020180008567
1020180008583
1020180008641
1020180008897
1020180008902
1020180008906
1020180008951
1020180008972
1020180009081
1020180009476
1020180009525
1020180009597
1020180009819
1020180009853
1020180009903
1020180009928
1020180010057
1020180010115
1020180010216
1020180010431
1020180010443
1020180010716
1020180010719
1020180010721
1020180010810
1020180010815
1020180010870
1020180010876
1020180011191
1020180011218
1020180011320
1020180011537
1020180011597
1020180011669
1020180011882
1020180012232
1020180012652
1020180012767
1020180012768
1020180012835
1020180012841
1020180012877
1020180012929
1020180012976
1020180013211
1020180013320
1020180013979
1020180014047
1020180014069
1020180014221
1020180014518
1020180014519
1020180015172
1020180015492
1020180015514
1020180015730
1020180016116
1020180016192
1020180016371
1020180016493
1020180016522
1020180016645
1020180017130
1020180017259
1020180017424
1020180017540
1020180017696
1020180017812
1020180018030
1020180018032
1020180018057
1020180018229
1020180018349
1020180018426
1020180018552
1020180018669
1020180018729
1020197007272
1020197018446
1020197018485
1020197019759
1020197020125
1020197020301
1020197020389
1020197020532
1020197020555
1020197021434
1020197022046
1020197022323
1020197022489
1020197022744
1020197022815
1020197022975
1020197023029
1020197023225
1020197023241
1020197023387
1020197024048
1020197024166
1020197024206
1020197024260
1020197024430
1020197024443
1020197024527
1020197024679
1020197024771
1020197024883
1020197025078
1020197025174
1020197025206
1020197025385
1020197025558
1020197025776
1020197025882
1020197025901
1020197026198
1020197026229
1020197026235
1020197026436
1020197026524
1020197026696
1020197026957
1020197026972
1020197029036
1020197029455
1020197029750
1020197030443
1020197032753
1020197032754
1020197034065
1020207012411
1020207013364
1020207019435
1020217012232
1020217021809
1020217030499
1020217033169
1020217033219
1020217034440
1020217037959
1020237035565
1020237040905
